FOLD  1
#train 24884 	#test 6221
coef
0.439870876415
1.041052324
0.0541938621563
-0.105781304386
0.143729786467
-0.0695880679857
-0.0550902504035
0.0143821437723
0.281693850465
-0.506733717134
0.0199661319614
-0.249316689374
0.151364961185
-0.00495984976587
0.0644487063214
-0.195696935855
-0.185809766259
0.0157736379283
-0.0262878160834
0.147643855517
-0.147643855641
MSE 7.61770473679
################################
FOLD  2
#train 24884 	#test 6221
coef
-0.375090992669
1.0045133337
0.364900519932
0.995283965123
0.319021907527
0.358753475226
-0.0344831734279
0.0488813315826
-0.312644176457
-0.562359112426
-0.0322904636144
-0.213126183691
0.10575955587
0.00660558271563
0.0613440451552
-0.168288455164
-0.161208808102
0.052160147289
-0.00208947492068
0.157011720226
-0.157011720258
MSE 7.76202128569
################################
FOLD  3
#train 24884 	#test 6221
coef
0.0146284354357
0.980830617153
0.236992342527
0.500700275655
0.225318820453
0.17638834187
-0.0295407438512
0.0532440019347
-0.0311476761858
-0.538986910404
-0.0955364610226
-0.202781727831
0.144871808805
-0.00679893253346
0.0553413355287
-0.177512593145
-0.179052171945
0.0145474840843
-0.031672944619
0.163203853094
-0.163203853047
MSE 7.84231737244
################################
FOLD  4
#train 24884 	#test 6221
coef
-0.282876286239
1.01752518882
0.282225525499
0.791032397569
0.362408884111
0.301199300443
-0.0517505241187
0.0480788479606
-0.171169925333
-0.538959315011
-0.02736466818
-0.221488964995
0.151024551726
-0.00471856995496
0.0601391874931
-0.190577548599
-0.192907022229
0.0168538493159
-0.0316352612599
0.150063818136
-0.150063818151
MSE 7.8125720909
################################
FOLD  5
#train 24884 	#test 6221
coef
-0.157965972914
0.999884818602
0.251305729727
0.614185859633
0.30418272864
0.249523713256
-0.0314461755966
0.0515784073376
-0.0802932888682
-0.512723469193
-0.0340808522546
-0.213217254668
0.15899577732
0.00992005285659
0.0581412218617
-0.208673443818
-0.182665603905
0.0210626438346
-0.0461801147746
0.146959122372
-0.14695912237
MSE 7.46738125698
################################
